Parameters : 

I_baseline = 1.1
I_pulse = 6
DtPulse = 0.6

gamma = 0.1
beta = 0.1

v1(0) = 0.9950134
v2(0) = 0.8657229
v3(0) = 0.9587177
v4(0) = 0.01698302
v5(0) = 0.6274565
